x.train <-
c(0.354653688041082, 0.393168052273231, 0.400303920893659, 0.511689280449546, 
0.575801434132373, 0.581714212537612, 0.608687970068598, 0.678010631258548, 
0.729957810655653, 0.750969240746054, 0.751123806818637, 0.812894981436003, 
0.927502760384307, 0.958359014722583, 0.966391754529867, 1.01267106556322, 
1.13561524807619, 1.15830461887099, 1.17642784490753, 1.20657605274711, 
1.25262723633518, 1.34032021627693, 1.37759145416787, 1.58712693397881, 
1.59085849860202, 1.68453144292472, 1.68613047382792, 1.70336612698491, 
1.74183147760973, 1.87250878260401, 1.88954999931909, 1.9646946034049, 
2.02276860952893, 2.31939589772612, 2.37994140446664, 2.45523493068709, 
2.45546457664133, 2.45654553851345, 2.64279829965998, 2.64567651783504, 
2.71629852530797, 2.73744133129357, 2.82400523398757, 2.84837806653959, 
2.88284485243671, 2.8982445814401, 2.90741683202687, 3.02540612856038, 
3.16404673156656, 3.21411216528997, 3.30207223896296, 3.33276152460918, 
3.3649488734786, 3.38253997476715, 3.42297945434236, 3.50507670241085, 
3.54114843232604, 3.62058073812041, 3.63010548174422, 3.73205773779062, 
3.75584839624132, 3.87235931165147, 3.92548526947514, 3.98444809488492, 
4.00152288849576, 4.0291169759574, 4.22236545817237, 4.3173876138037, 
4.32791525213924, 4.363705355695, 4.39713924243058, 4.41551411670928, 
4.44666959923732, 4.48873086394354, 4.53311850194112, 4.55665631548267, 
4.59266210290253, 4.69273993956898, 4.79484102119743, 4.9729281305775, 
4.98381592471497, 5.06335974582869, 5.12981261232589, 5.20997859201786, 
5.31264079343063, 5.36871127472838, 5.4830714577176, 5.67480225312625, 
5.71700148856236, 5.82430221991995, 5.91310448090199, 6.15349347061688, 
6.16326604719249, 6.17052314783415, 6.20339686275633, 6.22158543149179, 
6.24357051256152, 6.28037526976453, 6.3009074420405, 6.30603596176678, 
6.37160402322544, 6.4713342003362, 6.50909862594754, 6.52757429820773, 
6.54459733962859, 6.55549709751012, 6.57262681784315, 6.61731538979298, 
6.65815426355885, 6.69430028923162, 6.77058491904408, 6.83634897934116, 
6.85160199814205, 7.09026160802704, 7.10486853783573, 7.27789368148461, 
7.29184960689635, 7.30930444029165, 7.35474230132666, 7.53723969032116, 
7.69305763749552, 7.71941798177253, 7.73569690698653, 7.86196564398055, 
7.87329685736535, 7.9550102649882, 7.98189115647951, 7.99545191553384, 
8.01852063561577, 8.05010688900144, 8.14496736877833, 8.38878222297708, 
8.48052295680403, 8.4814029663971, 8.64922199421894, 8.71966778735755, 
8.76558989768349, 8.88891156280013, 8.95088481906929, 8.9758875314812, 
9.05487278999139, 9.3268561288806, 9.34150735877457, 9.39280855158374, 
9.41320836780939, 9.43133379114889, 9.43881623676564, 9.46338394756083, 
9.65113753977157, 9.67142039277096, 9.73563859045951, 9.9085250348453, 
9.98243119100193, 9.98996662351151, 10.0368211129719, 10.0855364927459, 
10.1093336933662, 10.1259696203308, 10.2125446236472, 10.3723181696453, 
10.42309781753, 10.429031190896, 10.4886349031613, 10.5531526625849, 
10.6164391804138, 10.7106510169435, 10.8054100960167, 10.8455268090502, 
10.8747877073355, 10.937624843063, 10.9938534306951, 11.0047281229383, 
11.0135511720537, 11.109662399975, 11.134963743706, 11.2022528317324, 
11.2555050832738, 11.2645077611744, 11.3213297347119, 11.5351003623623, 
11.5689652598741, 11.6239618013065, 11.6547746479395, 11.6888270447357, 
11.7843097064975, 11.8689752652493, 11.8788657705771, 11.9909335901945, 
12.0215835935645, 12.1123398244858, 12.2305620497617, 12.2486899015452, 
12.2759190143528, 12.2886454946332, 12.3113400529355, 12.452607307798, 
12.4614958956433, 12.4689281660958, 12.5092497549547, 12.5217273080206
)
y.train <-
c(-0.657526478073588, 2.41629571725405, 1.54720109597624, -0.218695691572807, 
-0.256580463068708, 1.25690288501994, -0.00745906919118355, 1.77765625833327, 
2.42588622468661, -2.25943571713015, 3.26067532653177, 2.20559914564436, 
-2.15508185832183, 0.129873364461074, -1.18306758545216, 3.20721023423785, 
1.9193528564575, -0.706334688448146, 3.12292722688844, 1.27298009838203, 
2.98984448268193, 2.31610479321526, -1.14843949910871, -0.923870077629789, 
2.03892131530412, 1.01930342646567, -0.0476201558251681, 1.30546461529598, 
-1.0989312819661, -0.917857896812577, -1.35372145212057, 4.72399148909939, 
-2.36358483781579, 1.85879352399696, 2.12316459921117, 2.00040216527606, 
1.97373623924018, -0.0574833841965657, 0.42123783555362, 2.7391556303872, 
3.89988168264661, 1.06288384857108, 0.480116410137719, -2.45806780708043, 
1.33935048538203, 0.0932821345139239, -2.44165504928729, 0.0497895456329262, 
1.83994797404788, 0.293240578195216, -0.00640970252282533, -1.45089299883573, 
-1.41855661743585, 3.09539783800484, 4.26977847420748, 0.199309221490373, 
-3.12782241406388, -3.27258831667439, -1.97054790531641, -1.9677544758431, 
1.80896080689538, -4.15339968274629, -0.664755389694139, 1.33358541034285, 
-3.12116532140948, -0.528719700523109, -1.27166285307109, -2.8884111879699, 
-4.95099003476886, 0.446414186827816, -3.03106644298036, -0.907620018124426, 
-5.02295955570987, -1.58880739878433, -2.92934342071419, -0.700573007746409, 
-3.41889580930391, -2.25403348004177, 0.369668986779216, -1.02640944370965, 
-3.32514176285363, -3.30404395798888, -1.59723588480463, -1.36165070777386, 
0.112063608085223, -0.897453215800881, -1.73620139081213, -3.15435533777127, 
-1.33324913637796, -0.687306696331187, -2.44718106455598, -0.459146858387916, 
0.763804552281728, -0.169446474715822, -0.584623444236005, 2.33666075014672, 
1.47867217283766, 2.52609406330596, 2.18426901335069, -3.15808360843188, 
0.251731996265123, 1.96547665630176, 1.82072450003283, 0.261964858810623, 
-0.0762529989228948, 2.70366007487969, -0.749964817431282, 1.42207412878924, 
-0.815955268408395, -0.685687464686541, -1.58262769589016, 3.07004813404993, 
-3.2101027166397, 3.34526895572061, 0.137006577767649, 2.65298870363023, 
4.04397582841695, -1.47616109376241, -1.3825067602419, -1.66113653656517, 
0.913319160266163, 1.0024577856666, -2.32616888347861, 4.01253330687405, 
2.96738341905839, 3.11295066310551, 2.30542460556327, 1.20449497605393, 
2.02103713336595, 2.75883710438323, 0.106493059778833, -0.53818595927237, 
0.240904684933196, 2.01683605735402, -1.21862410265455, 0.222982557976442, 
2.53837605998569, 1.90640612832662, -3.56166511446643, -1.08891730011537, 
5.67177460839517, 1.22422745250429, -1.1349367193713, -2.54259733650918, 
1.96706012789907, 5.26798270699858, 1.20388463872123, -2.21724822220217, 
0.0265212029628485, -2.17762252728236, 3.9506846452585, -1.91045551123173, 
-1.55852517393682, -2.96812222075046, -0.723707550657666, -2.98760476280239, 
0.129613529756417, -2.32099061400109, -2.4040958813383, -4.4579104287811, 
-0.795343186608001, 0.0409890482361729, -2.62474448253308, -2.44180757785218, 
1.57526206197176, -4.50719004053572, -1.21684651188313, -2.0673833249624, 
-1.53883416362238, -0.0225309258696778, -2.86294953298312, -0.266335230271815, 
2.16305289934741, -0.732313088792496, -1.10391588416076, -3.54216599939852, 
-1.50269494735523, -1.20127766466043, -0.835259534993965, 2.17043294192784, 
-0.933314139708676, -1.01661801222406, -0.779523804309241, -1.13664081949104, 
-0.874546142830735, -1.38991291438624, -2.29080903849826, -1.06596098577487, 
1.33025827128827, 0.66211198125975, -3.98560571341094, -5.00444934682291, 
-1.20714175605247, -1.7423122792658, 0.836844560237394, -0.0117691671695693, 
-1.94656885231578, 0.219505361648758, 1.22026810773468, 2.2431841672324
)
noise.var <-
4
